11373
createPlayList("Prueba");
getPlayListIDs();
Prueba
getPlayListContent("Prueba");

addListOfTunesToPlayList("Prueba",[2,2,2,2,2,2,2,2,2,2,2,2,2,2,2,2,2,2]);
getPlayListContent("Prueba");
2,2,2,2,2,2,2,2,2,2,2,2,2,2,2,2,2,2
addListOfTunesToPlayList("Prueba",[1,3,2,4,5]);
getPlayListContent("Prueba");
2,2,2,2,2,2,2,2,2,2,2,2,2,2,2,2,2,2,1,3,2,4,5
removeTuneFromPlayList("Prueba",2);
getPlayListContent("Prueba");
1,3,4,5
createPlayList("1974");
getPlayListIDs();
Prueba,1974
removePlayList("Prueba");
getPlayListIDs();
1974
addSearchToPlayList("1974","","","","",1974,1974,-1,-1);
getPlayListContent("1974");
0,1,2,3,4,5,6,7,8,9,10,11,12,13,14,15,16,5263,5264,5265,5266,6040,6041,6042,6043,6044,6045,6046,6047,6048,6049,6050,6051,6052,6053,6358,6359,6360,6361,6362,6363,6364,6365,6366,6367,6368,6369,6370,6371,7486,7487,7488,7489,7490,7491,7492,7493,7494,7495
createPlayList("Beethoven");
createPlayList("Beethoven menos de 4 minutos");
getPlayListIDs();
1974,Beethoven,Beethoven menos de 4 minutos
addSearchToPlayList("Beethoven","","Beethoven","","",-1,-1,-1,-1);
getPlayListContent("Beethoven");
301,2435,2438,3144,3145,3146,3147,3148,3149,3150,3151,3152,3153,3154,3155,4881,4882,4883,4884,4885,4886,5263,5264,5265,5266,5818,10125,10126,10127,10128,10129,10130,10131,10132,10133,10134,10135,10136,11290,11291,11292,11293,11294,11295,11296,11297,11298,11299,11300,11301,11302,11303,11304
addSearchToPlayList("Beethoven menos de 4 minutos","","Beethoven","","",-1,-1,-1,239);
getPlayListContent("Beethoven menos de 4 minutos");
301,2435,2438,3148,3154,4881,4883,4885,5818,10129,10135,11290,11291,11292,11295,11296,11299,11301,11303
createPlayList("Amiga Games");
addSearchToPlayList("Amiga Games","","","","Paula Agnus Denise",-1,-1,-1,-1);
getPlayListContent("Amiga Games");
8292,8293,8294,8295,8296,8297,8298,8299,8300,8301,8302,8303,8304,8305,8306,8307,8308,8309,8310
getPlayBackQueue();

addSearchToPlayBackQueue("","","","",1974,1974,-1,-1);
getPlayBackQueue();
0,1,2,3,4,5,6,7,8,9,10,11,12,13,14,15,16,5263,5264,5265,5266,6040,6041,6042,6043,6044,6045,6046,6047,6048,6049,6050,6051,6052,6053,6358,6359,6360,6361,6362,6363,6364,6365,6366,6367,6368,6369,6370,6371,7486,7487,7488,7489,7490,7491,7492,7493,7494,7495
play();
play();
play();
play();
play();
play();
play();
play();
play();
play();
play();
getPlayBackQueue();
11,12,13,14,15,16,5263,5264,5265,5266,6040,6041,6042,6043,6044,6045,6046,6047,6048,6049,6050,6051,6052,6053,6358,6359,6360,6361,6362,6363,6364,6365,6366,6367,6368,6369,6370,6371,7486,7487,7488,7489,7490,7491,7492,7493,7494,7495
getRecentlyPlayed();
10,9,8,7,6,5,4,3,2,1,0
play();
getRecentlyPlayed();
11,10,9,8,7,6,5,4,3,2,1,0
addPlayListToPlayBackQueue("Beethoven");
getPlayBackQueue();
12,13,14,15,16,5263,5264,5265,5266,6040,6041,6042,6043,6044,6045,6046,6047,6048,6049,6050,6051,6052,6053,6358,6359,6360,6361,6362,6363,6364,6365,6366,6367,6368,6369,6370,6371,7486,7487,7488,7489,7490,7491,7492,7493,7494,7495,301,2435,2438,3144,3145,3146,3147,3148,3149,3150,3151,3152,3153,3154,3155,4881,4882,4883,4884,4885,4886,5263,5264,5265,5266,5818,10125,10126,10127,10128,10129,10130,10131,10132,10133,10134,10135,10136,11290,11291,11292,11293,11294,11295,11296,11297,11298,11299,11300,11301,11302,11303,11304
clearPlayBackQueue();
getPlayBackQueue();

play();
getPlayBackQueue();

getRecentlyPlayed();
11,10,9,8,7,6,5,4,3,2,1,0
addListOfTunesToPlayBackQueue([1,1,2,3,5,8,13,21,34,55,89,144,233,377,610,987,1597,2584,4181,6765,10946]);
getPlayBackQueue();
1,1,2,3,5,8,13,21,34,55,89,144,233,377,610,987,1597,2584,4181,6765,10946
clearPlayBackQueue();
addSearchToPlayBackQueue("","","","",1960,1969,-1,-1);
getPlayBackQueue();
176,177,178,179,366,367,368,369,370,371,372,373,374,375,376,377,619,620,621,622,623,624,625,626,627,628,787,788,789,790,791,792,793,794,1370,1371,1372,1373,1374,1375,1376,1377,1378,1379,1380,1381,1442,1443,1444,1445,1446,1447,1448,1449,1450,1451,1452,1453,1454,1455,1677,1678,1679,1680,1681,1682,1683,1684,1685,1686,1912,1913,1914,1915,1916,1917,2294,2295,2296,2297,2298,2299,2300,2301,2302,2303,2304,2305,2648,3187,3188,3189,3190,3191,3192,3193,3194,3195,3196,3197,3198,3199,3212,3213,3214,3215,3216,3217,3218,3219,3220,3221,3222,3223,3224,3225,4005,4006,4007,4008,4028,4029,4030,4031,4032,4033,4034,4035,4036,4037,4038,4039,4040,4041,4042,4043,4044,4045,4046,4283,4284,4285,4286,5482,5483,5484,5485,5486,5487,5488,5489,5490,5491,5492,5493,5494,5495,5496,5497,5498,5499,5645,5646,5647,5648,5649,5650,5651,5652,5653,5654,5655,5656,5669,5670,5671,5672,5673,5674,5675,5676,5677,5678,5679,5680,6071,6072,6073,6074,6075,6076,6077,6078,6079,6080,6081,6082,6083,6084,6329,6330,6331,6332,6333,6334,6335,6336,6337,6338,6339,6340,6341,6342,7275,7276,7277,7278,7279,7280,7281,7282,7283,7284,7285,7286,7287,7288,7385,7386,7387,7388,7389,7390,7391,7392,7393,7394,7395,7396,7991,7992,7993,7994,7995,7996,7997,7998,7999,8000,8001,8002,8003,8004,8005,8006,8007,8008,9096,9097,9098,9099,9100,9101,9102,9103,9104,9105,9106,9107,9108,9109,9110,9111,9112,9113,9114,9158,9159,9160,9161,9162,9163,9257,9258,9259,9323,9324,9325,9326,9327,9328,9329,9330,9331,9332,9333,9334,9335,9336,9337,9395,9396,9397,9398,9399,9400,9401,9402,9403,9404,9405,9406,9780,9781,9782,9783,9784,9785,9786,9787,9788,9789,9790,9791,9792,9793,9794,9795,9796,9797,9798,9849,9850,9851,9852,9853,9854,9855,9856,9857,9858,9859,9860,9861,9862,9863,9864,10485,10486,10487,10488,10489,10490,10491,10492,10493,10494,10495,11173,11174,11175,11176,11177,11178,11179,11180,11181,11182,11183,11184,11185,11186,11187
clearPlayBackQueue();
removePlayList("Beethoven");
removePlayList("Beethoven menos de 4 minutos");
createPlayList("El rock de los 80");
addSearchToPlayList("El rock de los 80","","","Rock","",1980,1989,-1,-1);
getPlayListContent("El rock de los 80");
94,95,96,97,98,99,100,101,102,103,104,105,106,107,108,109,110,111,112,113,414,415,416,417,418,419,420,421,422,4800,4801,4802,4803,4804,4805,4806,4807,4808,5718,5719,5720,5721,5722,5723,5724,5725,5726,5727,8702,8703,8704,8705,8706,8707,8708,8709,8710,8711,8712,8713,8714,8715,8716,8717,8718,8719,8720,8721
getPlayListIDs();
1974,Amiga Games,El rock de los 80
